5.478939274325966835e-04
6.396186072379350662e-04
6.815558881498873234e-04
7.055780151858925819e-04
7.190745673142373562e-04
7.306389161385595798e-04
7.509279530495405197e-04
7.962039089761674404e-04
8.948431350290775299e-04
1.089454512111842632e-03
1.430008560419082642e-03
1.972253900021314621e-03
2.792784012854099274e-03
4.028066061437129974e-03
5.953431129455566406e-03
9.121417999267578125e-03
1.467116829007863998e-02
2.528427727520465851e-02
4.802732542157173157e-02
1.039625257253646851e-01
2.565905749797821045e-01
6.106734275817871094e-01
9.057263731956481934e-01
8.399977087974548340e-01
7.816055417060852051e-01
8.162406086921691895e-01
8.652665615081787109e-01
8.898357748985290527e-01
8.995279669761657715e-01
9.078232645988464355e-01
9.174242019653320312e-01
9.263017773628234863e-01
9.332491159439086914e-01
9.385826587677001953e-01
9.429856538772583008e-01
9.468141794204711914e-01
9.501433968544006348e-01
9.530027508735656738e-01
9.554688930511474609e-01
9.576253890991210938e-01
9.595337510108947754e-01
9.612289667129516602e-01
9.627385735511779785e-01
9.640874862670898438e-01
9.652985334396362305e-01
9.663877487182617188e-01
9.673700332641601562e-01
9.682558774948120117e-01
9.690575003623962402e-01
9.697831273078918457e-01
9.704403877258300781e-01
9.710375070571899414e-01
9.715798497200012207e-01
9.720744490623474121e-01
9.725258946418762207e-01
9.729397296905517578e-01
9.733201861381530762e-01
9.736710786819458008e-01
9.739966988563537598e-01
9.742996692657470703e-01
9.745839834213256836e-01
9.748509526252746582e-01
9.751042723655700684e-01
9.753447771072387695e-01
9.755744338035583496e-01
9.757959842681884766e-01
9.760087132453918457e-01
9.762158989906311035e-01
9.764168262481689453e-01
9.766125082969665527e-01
9.768053889274597168e-01
9.769937396049499512e-01
9.771786928176879883e-01
9.773617982864379883e-01
9.775424003601074219e-01
9.777201414108276367e-01
9.778966903686523438e-01
9.780712723731994629e-01
9.782442450523376465e-01
9.784162044525146484e-01
9.785860776901245117e-01
9.787553548812866211e-01
9.789239764213562012e-01
9.790911078453063965e-01
9.792568683624267578e-01
9.794217348098754883e-01
9.795858263969421387e-01
9.797487258911132812e-01
9.799118041992187500e-01
9.800724983215332031e-01
9.802328348159790039e-01
9.803923964500427246e-01
9.805507659912109375e-01
9.807085990905761719e-01
9.808652997016906738e-01
9.810212254524230957e-01
9.811766147613525391e-01
9.813303947448730469e-01
9.814844727516174316e-01
9.816364645957946777e-01
9.817880988121032715e-01
9.819391369819641113e-01
9.820892810821533203e-01
9.822385311126708984e-01
9.823868274688720703e-01
9.825339317321777344e-01
9.826807975769042969e-01
9.828266501426696777e-01
9.829716086387634277e-01
9.831155538558959961e-01
9.832590222358703613e-01
9.834012389183044434e-01
9.835431575775146484e-01
9.836838841438293457e-01
9.838235974311828613e-01
9.839630126953125000e-01
9.841015338897705078e-01
9.842386245727539062e-01
9.843755364418029785e-01
9.845111966133117676e-01
9.846463799476623535e-01
9.847804307937622070e-01
9.849139451980590820e-01
9.850466847419738770e-01
9.851779937744140625e-01
9.853094816207885742e-01
9.854399561882019043e-01
9.855690002441406250e-01
9.856981039047241211e-01
9.858260750770568848e-01
9.859527349472045898e-01
9.860796332359313965e-01
9.862049221992492676e-01
9.863295555114746094e-01
9.864538908004760742e-01
9.865771532058715820e-01
9.866996407508850098e-01
9.868213534355163574e-01
9.869423508644104004e-01
9.870631098747253418e-01
9.871821403503417969e-01
9.873011708259582520e-01
9.874197840690612793e-01
9.875370264053344727e-01
9.876537919044494629e-01
9.877701401710510254e-01
9.878845214843750000e-01
9.879994392395019531e-01
9.881135821342468262e-01
9.882264137268066406e-01
9.883390665054321289e-01
9.884505867958068848e-01
9.885617494583129883e-01
9.886723160743713379e-01
9.887820482254028320e-01
9.888908863067626953e-01
9.889995455741882324e-01
9.891071319580078125e-01
9.892145991325378418e-01
9.893212318420410156e-01
9.894269704818725586e-01
9.895316958427429199e-01
9.896358847618103027e-01
9.897400140762329102e-01
9.898433089256286621e-01
9.899454116821289062e-01
9.900475144386291504e-01
9.901484847068786621e-01
9.902495145797729492e-01
9.903498291969299316e-01
9.904486536979675293e-01
9.905477166175842285e-01
9.906460046768188477e-01
9.907435774803161621e-01
9.908402562141418457e-01
9.909369349479675293e-01
9.910328984260559082e-01
9.911279678344726562e-01
9.912225604057312012e-01
9.913163185119628906e-01
9.914103150367736816e-01
9.915032386779785156e-01
9.915953278541564941e-01
9.916871190071105957e-01
9.917783737182617188e-01
9.918689131736755371e-01
9.919584989547729492e-01
9.920486807823181152e-01
9.921371936798095703e-01
9.922257065773010254e-01
9.923138022422790527e-01
9.924010038375854492e-01
9.924881458282470703e-01
9.925741553306579590e-01
9.926604628562927246e-01
9.927449226379394531e-01
9.928297996520996094e-01
9.929134845733642578e-01
9.929976463317871094e-01
9.930801987648010254e-01
