1.001106381416320801e+00
1.000957012176513672e+00
1.000888109207153320e+00
1.000849127769470215e+00
1.000827074050903320e+00
1.000806808471679688e+00
1.000769257545471191e+00
1.000683665275573730e+00
1.000494122505187988e+00
1.000109195709228516e+00
9.994004368782043457e-01
9.981861114501953125e-01
9.961591958999633789e-01
9.927087426185607910e-01
9.865657687187194824e-01
9.750815033912658691e-01
9.524837136268615723e-01
9.050904512405395508e-01
8.012181520462036133e-01
5.858868360519409180e-01
2.648222744464874268e-01
7.038459181785583496e-02
6.491188704967498779e-02
3.862426429986953735e-02
2.879017405211925507e-02
2.115427330136299133e-02
1.521220244467258453e-02
1.083234138786792755e-02
7.663553580641746521e-03
5.575247108936309814e-03
4.196600057184696198e-03
3.261243226006627083e-03
2.610757015645503998e-03
2.150231506675481796e-03
1.818676595576107502e-03
1.574462046846747398e-03
1.390041667036712170e-03
1.247809617780148983e-03
1.136349164880812168e-03
1.047863392159342766e-03
9.767888113856315613e-04
9.191032731905579567e-04
8.718781173229217529e-04
8.329316624440252781e-04
8.005999261513352394e-04
7.735776016488671303e-04
7.508359849452972412e-04
7.315491093322634697e-04
7.150447345338761806e-04
7.007726817391812801e-04
6.882812012918293476e-04
6.771983462385833263e-04
6.672197487205266953e-04
6.580966874025762081e-04
6.496300920844078064e-04
6.416608812287449837e-04
6.340661784633994102e-04
6.267502903938293457e-04
6.196416215971112251e-04
6.126862717792391777e-04
6.058486178517341614e-04
5.990991485305130482e-04
5.924229626543819904e-04
5.858045187778770924e-04
5.792386946268379688e-04
5.727200186811387539e-04
5.662490730173885822e-04
5.598232382908463478e-04
5.534430965781211853e-04
5.471102776937186718e-04
5.408247816376388073e-04
5.345892277546226978e-04
5.284043727442622185e-04
5.222697509452700615e-04
5.161885055713355541e-04
5.101617425680160522e-04
5.041879485361278057e-04
4.982692771591246128e-04
4.924062523059546947e-04
4.865982627961784601e-04
4.808469093404710293e-04
4.751516680698841810e-04
4.695125680882483721e-04
4.639288526959717274e-04
4.584026755765080452e-04
4.529332218226045370e-04
4.475187452044337988e-04
4.421598569024354219e-04
4.368574591353535652e-04
4.316113481763750315e-04
4.264198651071637869e-04
4.212842904962599277e-04
4.162021505180746317e-04
4.111751914024353027e-04
4.062024236191064119e-04
4.012835270259529352e-04
3.964189090766012669e-04
3.916067362297326326e-04
3.868468920700252056e-04
3.821407444775104523e-04
3.774859651457518339e-04
3.728826122824102640e-04
3.683302784338593483e-04
3.638291091192513704e-04
3.593783767428249121e-04
3.549769171513617039e-04
3.506258362904191017e-04
3.463234461378306150e-04
3.420702414587140083e-04
3.378648834768682718e-04
3.337071102578192949e-04
3.295970673207193613e-04
3.255342016927897930e-04
3.215175820514559746e-04
3.175468300469219685e-04
3.136215673293918371e-04
3.097416774835437536e-04
3.059068112634122372e-04
3.021156298927962780e-04
2.983689482789486647e-04
2.946650201920419931e-04
2.910046896431595087e-04
2.873869379982352257e-04
2.838110667653381824e-04
2.802759117912501097e-04
2.767833648249506950e-04
2.733308647293597460e-04
2.699191973078995943e-04
2.665473439265042543e-04
2.632144896779209375e-04
2.599215367808938026e-04
2.566672337707132101e-04
2.534511731937527657e-04
2.502724237274378538e-04
2.471319166943430901e-04
2.440273819956928492e-04
2.409605658613145351e-04
2.379293728154152632e-04
2.349347778363153338e-04
2.319744235137477517e-04
2.290500415256246924e-04
2.261606423417106271e-04
2.233048435300588608e-04
2.204833435826003551e-04
2.176949201384559274e-04
2.149397478206083179e-04
2.122175792464986444e-04
2.095274539897218347e-04
2.068703615805134177e-04
2.042443811660632491e-04
2.016498910961672664e-04
1.990858872886747122e-04
1.965535775525495410e-04
1.940508518600836396e-04
1.915778120746836066e-04
1.891350839287042618e-04
1.867213723016902804e-04
1.843367790570482612e-04
1.819804310798645020e-04
1.796521246433258057e-04
1.773520052665844560e-04
1.750805531628429890e-04
1.728356728563085198e-04
1.706180773908272386e-04
1.684266462689265609e-04
1.662622817093506455e-04
1.641235430724918842e-04
1.620109687792137265e-04
1.599237875780090690e-04
1.578612864250317216e-04
1.558252406539395452e-04
1.538127544336020947e-04
1.518249773653224111e-04
1.498613419244065881e-04
1.479217171436175704e-04
1.460048952139914036e-04
1.441118656657636166e-04
1.422423374606296420e-04
1.403949572704732418e-04
1.385703217238187790e-04
1.367681106785312295e-04
1.349875092273578048e-04
1.332286192337051034e-04
1.314919500146061182e-04
1.297759299632161856e-04
1.280814612982794642e-04
1.264074089704081416e-04
1.247539330506697297e-04
1.231208443641662598e-04
1.215076117659918964e-04
1.199143734993413091e-04
1.183408021461218596e-04
1.167866430478170514e-04
1.152520344476215541e-04
1.137356302933767438e-04
1.122394751291722059e-04
1.107602583942934871e-04
1.093007012968882918e-04
1.078578279702924192e-04
1.064342577592469752e-04
