-4.107481800019741058e-03
-4.139215685427188873e-03
-4.160558339208364487e-03
-4.173038993030786514e-03
-4.181826952844858170e-03
-4.193921573460102081e-03
-4.218785557895898819e-03
-4.268589429557323456e-03
-4.355651792138814926e-03
-4.488826729357242584e-03
-4.673645831644535065e-03
-4.914759658277034760e-03
-5.218029487878084183e-03
-5.602688994258642197e-03
-6.119314581155776978e-03
-6.876860279589891434e-03
-8.137095719575881958e-03
-1.066469214856624603e-02
-1.698752492666244507e-02
-3.689638152718544006e-02
-1.077678129076957703e-01
-2.751960158348083496e-01
-3.722820878028869629e-01
-3.623501062393188477e-01
-3.702749609947204590e-01
-4.093594551086425781e-01
-4.485152363777160645e-01
-4.778121709823608398e-01
-5.021657347679138184e-01
-5.249150395393371582e-01
-5.458599925041198730e-01
-5.642693638801574707e-01
-5.801556110382080078e-01
-5.939539670944213867e-01
-6.060791015625000000e-01
-6.168122291564941406e-01
-6.263573765754699707e-01
-6.348871588706970215e-01
-6.425491571426391602e-01
-6.494622230529785156e-01
-6.557184457778930664e-01
-6.613911390304565430e-01
-6.665397286415100098e-01
-6.712136268615722656e-01
-6.754543185234069824e-01
-6.792966723442077637e-01
-6.827712059020996094e-01
-6.859050989151000977e-01
-6.887231469154357910e-01
-6.912484765052795410e-01
-6.935029029846191406e-01
-6.955083012580871582e-01
-6.972846388816833496e-01
-6.988523602485656738e-01
-7.002307176589965820e-01
-7.014385461807250977e-01
-7.024938464164733887e-01
-7.034133076667785645e-01
-7.042130827903747559e-01
-7.049077153205871582e-01
-7.055105566978454590e-01
-7.060341238975524902e-01
-7.064889669418334961e-01
-7.068848609924316406e-01
-7.072306275367736816e-01
-7.075337767601013184e-01
-7.078003883361816406e-01
-7.080366015434265137e-01
-7.082468271255493164e-01
-7.084354758262634277e-01
-7.086058855056762695e-01
-7.087612748146057129e-01
-7.089040875434875488e-01
-7.090362310409545898e-01
-7.091598510742187500e-01
-7.092759609222412109e-01
-7.093862295150756836e-01
-7.094916105270385742e-01
-7.095928788185119629e-01
-7.096907496452331543e-01
-7.097859382629394531e-01
-7.098787426948547363e-01
-7.099697589874267578e-01
-7.100594043731689453e-01
-7.101475000381469727e-01
-7.102348208427429199e-01
-7.103210687637329102e-01
-7.104068398475646973e-01
-7.104919552803039551e-01
-7.105766534805297852e-01
-7.106610536575317383e-01
-7.107447981834411621e-01
-7.108285427093505859e-01
-7.109120488166809082e-01
-7.109953165054321289e-01
-7.110786437988281250e-01
-7.111616730690002441e-01
-7.112446427345275879e-01
-7.113274335861206055e-01
-7.114102244377136230e-01
-7.114928960800170898e-01
-7.115753293037414551e-01
-7.116577625274658203e-01
-7.117401361465454102e-01
-7.118225693702697754e-01
-7.119049429893493652e-01
-7.119872570037841797e-01
-7.120694518089294434e-01
-7.121515870094299316e-01
-7.122335433959960938e-01
-7.123154997825622559e-01
-7.123973369598388672e-01
-7.124792933464050293e-01
-7.125611305236816406e-01
-7.126427292823791504e-01
-7.127244472503662109e-01
-7.128060460090637207e-01
-7.128874063491821289e-01
-7.129687666893005371e-01
-7.130501270294189453e-01
-7.131313085556030273e-01
-7.132123708724975586e-01
-7.132934331893920898e-01
-7.133744359016418457e-01
-7.134551405906677246e-01
-7.135359644889831543e-01
-7.136166691780090332e-01
-7.136973738670349121e-01
-7.137777805328369141e-01
-7.138583660125732422e-01
-7.139385342597961426e-01
-7.140187025070190430e-01
-7.140988111495971680e-01
-7.141787409782409668e-01
-7.142585515975952148e-01
-7.143383026123046875e-01
-7.144179940223693848e-01
-7.144976854324340820e-01
-7.145771384239196777e-01
-7.146564126014709473e-01
-7.147357463836669922e-01
-7.148150205612182617e-01
-7.148938179016113281e-01
-7.149726152420043945e-01
-7.150515317916870117e-01
-7.151302099227905273e-01
-7.152088880538940430e-01
-7.152873277664184570e-01
-7.153657078742980957e-01
-7.154439091682434082e-01
-7.155221104621887207e-01
-7.156000733375549316e-01
-7.156779766082763672e-01
-7.157558202743530273e-01
-7.158335447311401367e-01
-7.159109711647033691e-01
-7.159884572029113770e-01
-7.160658240318298340e-01
-7.161428928375244141e-01
-7.162198424339294434e-01
-7.162967920303344727e-01
-7.163737416267395020e-01
-7.164505124092102051e-01
-7.165268659591674805e-01
-7.166032791137695312e-01
-7.166796326637268066e-01
-7.167558073997497559e-01
-7.168319225311279297e-01
-7.169078588485717773e-01
-7.169836759567260742e-01
-7.170594334602355957e-01
-7.171348333358764648e-01
-7.172101736068725586e-01
-7.172855138778686523e-01
-7.173606157302856445e-01
-7.174355387687683105e-01
-7.175103425979614258e-01
-7.175850868225097656e-01
-7.176595926284790039e-01
-7.177340388298034668e-01
-7.178081274032592773e-01
-7.178823947906494141e-01
-7.179564833641052246e-01
-7.180301547050476074e-01
-7.181038856506347656e-01
-7.181772589683532715e-01
-7.182506918907165527e-01
-7.183239459991455078e-01
-7.183969616889953613e-01
-7.184697985649108887e-01
-7.185423374176025391e-01
-7.186149954795837402e-01
-7.186873555183410645e-01
-7.187595367431640625e-01
-7.188317179679870605e-01
-7.189034819602966309e-01
-7.189751267433166504e-01
-7.190465331077575684e-01
-7.191178202629089355e-01
-7.191890478134155273e-01
