1.642078012228012085e-01
1.561168283224105835e-01
1.420057564973831177e-01
1.215408146381378174e-01
1.054137796163558960e-01
1.006373465061187744e-01
1.006867066025733948e-01
1.004993021488189697e-01
1.003087460994720459e-01
1.001734733581542969e-01
1.000374928116798401e-01
9.990198910236358643e-02
9.976409375667572021e-02
9.962021559476852417e-02
9.946729987859725952e-02
9.930215775966644287e-02
9.912119805812835693e-02
9.892012178897857666e-02
9.869355708360671997e-02
9.843458235263824463e-02
9.813378751277923584e-02
9.777785092592239380e-02
9.734729677438735962e-02
9.681166708469390869e-02
9.612037241458892822e-02
9.518160670995712280e-02
9.380755573511123657e-02
9.153795987367630005e-02
8.686254173517227173e-02
7.184071093797683716e-02
3.040551021695137024e-02
1.403661258518695831e-02
1.535334717482328415e-02
1.485350634902715683e-02
1.430067420005798340e-02
1.381879393011331558e-02
1.343323756009340286e-02
1.306833140552043915e-02
1.272996980696916580e-02
1.241016481071710587e-02
1.210937835276126862e-02
1.182479318231344223e-02
1.155552733689546585e-02
1.130021642893552780e-02
1.105800177901983261e-02
1.082800794392824173e-02
1.060949172824621201e-02
1.040177047252655029e-02
1.020422577857971191e-02
1.001627277582883835e-02
9.837364777922630310e-03
9.667022153735160828e-03
9.504746645689010620e-03
9.350127540528774261e-03
9.202746674418449402e-03
9.062216617166996002e-03
8.928207680583000183e-03
8.800367824733257294e-03
8.678406476974487305e-03
8.562037721276283264e-03
8.451001718640327454e-03
8.345051668584346771e-03
8.243967778980731964e-03
8.147541433572769165e-03
8.055586367845535278e-03
7.967934943735599518e-03
7.884425111114978790e-03
7.804923225194215775e-03
7.729285396635532379e-03
7.657418027520179749e-03
7.589205168187618256e-03
7.524576503783464432e-03
7.463438436388969421e-03
7.405736483633518219e-03
7.351411040872335434e-03
7.300411351025104523e-03
7.252692710608243942e-03
7.208223920315504074e-03
7.166964001953601837e-03
7.128889672458171844e-03
7.093961350619792938e-03
7.062150631099939346e-03
7.033434696495532990e-03
7.007764186710119247e-03
6.985108833760023117e-03
6.965422071516513824e-03
6.948666647076606750e-03
6.934769917279481888e-03
6.923705805093050003e-03
6.915388163179159164e-03
6.909766700118780136e-03
6.906772963702678680e-03
6.906317546963691711e-03
6.908335257321596146e-03
6.912726443260908127e-03
6.919409148395061493e-03
6.928265560418367386e-03
6.939196493476629257e-03
6.952077616006135941e-03
6.966775283217430115e-03
6.983146071434020996e-03
7.001048419624567032e-03
7.020304910838603973e-03
7.040756288915872574e-03
7.062214892357587814e-03
7.084491662681102753e-03
7.107405923306941986e-03
7.130747195333242416e-03
7.154332008212804794e-03
7.177963852882385254e-03
7.201456930488348007e-03
7.224635221064090729e-03
7.247325964272022247e-03
7.269383408129215240e-03
7.290660869330167770e-03
7.311043329536914825e-03
7.330422289669513702e-03
7.348704151809215546e-03
7.365832570940256119e-03
7.381733972579240799e-03
7.396392989903688431e-03
7.409781217575073242e-03
7.421893533319234848e-03
7.432736922055482864e-03
7.442331407219171524e-03
7.450706325471401215e-03
7.457907311618328094e-03
7.463976275175809860e-03
7.468964438885450363e-03
7.472938857972621918e-03
7.475952152162790298e-03
7.478076033294200897e-03
7.479375693947076797e-03
7.479923777282238007e-03
7.479787804186344147e-03
7.479031570255756378e-03
7.477737031877040863e-03
7.475947495549917221e-03
7.473760284483432770e-03
7.471201941370964050e-03
7.468363735824823380e-03
7.465280126780271530e-03
7.462019566446542740e-03
7.458623964339494705e-03
7.455134764313697815e-03
7.451608311384916306e-03
7.448063697665929794e-03
7.444551214575767517e-03
7.441082969307899475e-03
7.437701337039470673e-03
7.434416096657514572e-03
7.431246805936098099e-03
7.428202312439680099e-03
7.425307296216487885e-03
7.422548718750476837e-03
7.419943343847990036e-03
7.417480926960706711e-03
7.415173575282096863e-03
7.413009181618690491e-03
7.410977501422166824e-03
7.409075275063514709e-03
7.407297845929861069e-03
7.405615877360105515e-03
7.404045667499303818e-03
7.402546238154172897e-03
7.401129696518182755e-03
7.399757858365774155e-03
7.398438174277544022e-03
7.397149689495563507e-03
7.395875174552202225e-03
7.394614629447460175e-03
7.393357809633016586e-03
7.392087019979953766e-03
7.390813436359167099e-03
7.389521226286888123e-03
7.388219702988862991e-03
7.386905141174793243e-03
7.385597564280033112e-03
7.384291850030422211e-03
7.383012212812900543e-03
7.381783332675695419e-03
7.380606606602668762e-03
7.379525806754827499e-03
7.378557231277227402e-03
7.377733476459980011e-03
7.377079688012599945e-03
7.376629393547773361e-03
7.376419380307197571e-03
7.376468740403652191e-03
7.376806344836950302e-03
7.377446629106998444e-03
7.378425914794206619e-03
7.379718124866485596e-03
7.381349336355924606e-03
7.383291609585285187e-03
7.385532371699810028e-03
7.388028316199779510e-03
7.390740793198347092e-03
7.393607404083013535e-03
7.396567147225141525e-03
