2.236446887254714966e-01
2.201310098171234131e-01
2.168705761432647705e-01
2.136471271514892578e-01
2.104073464870452881e-01
2.070975303649902344e-01
2.036581784486770630e-01
2.000260800123214722e-01
1.961385905742645264e-01
1.919384002685546875e-01
1.873784661293029785e-01
1.824263334274291992e-01
1.770669966936111450e-01
1.713044345378875732e-01
1.651622802019119263e-01
1.586834192276000977e-01
1.519306898117065430e-01
1.449874341487884521e-01
1.379587352275848389e-01
1.309719979763031006e-01
1.241751089692115784e-01
1.177314743399620056e-01
1.118106469511985779e-01
1.065749153494834900e-01
1.021621674299240112e-01
9.866605699062347412e-02
9.611686319112777710e-02
9.446761757135391235e-02
9.359225630760192871e-02
9.330124408006668091e-02
9.337510913610458374e-02
9.360833466053009033e-02
9.384734183549880981e-02
9.400831162929534912e-02
9.406992793083190918e-02
9.405022859573364258e-02
9.398178756237030029e-02
9.389478713274002075e-02
9.380975365638732910e-02
9.373754262924194336e-02
9.368178248405456543e-02
9.364204108715057373e-02
9.361590445041656494e-02
9.360034763813018799e-02
9.359233081340789795e-02
9.358917176723480225e-02
9.358861297369003296e-02
9.358893334865570068e-02
9.358891844749450684e-02
9.358789771795272827e-02
9.358555823564529419e-02
9.358190000057220459e-02
9.357715398073196411e-02
9.357160329818725586e-02
9.356556087732315063e-02
9.355930238962173462e-02
9.355307370424270630e-02
9.354699403047561646e-02
9.354113042354583740e-02
9.353552013635635376e-02
9.353013336658477783e-02
9.352497011423110962e-02
9.351997077465057373e-02
9.351506829261779785e-02
9.351027756929397583e-02
9.350553154945373535e-02
9.350083023309707642e-02
9.349617362022399902e-02
9.349153935909271240e-02
9.348694980144500732e-02
9.348239749670028687e-02
9.347789734601974487e-02
9.347344934940338135e-02
9.346904605627059937e-02
9.346469491720199585e-02
9.346039593219757080e-02
9.345616400241851807e-02
9.345198422670364380e-02
9.344783425331115723e-02
9.344376623630523682e-02
9.343971312046051025e-02
9.343572705984115601e-02
9.343178570270538330e-02
9.342786669731140137e-02
9.342400729656219482e-02
9.342019259929656982e-02
9.341643005609512329e-02
9.341267496347427368e-02
9.340898692607879639e-02
9.340535104274749756e-02
9.340173751115798950e-02
9.339816868305206299e-02
9.339463710784912109e-02
9.339116513729095459e-02
9.338772296905517578e-02
9.338431060314178467e-02
9.338094294071197510e-02
9.337762743234634399e-02
9.337433427572250366e-02
9.337105602025985718e-02
9.336785227060317993e-02
9.336467832326889038e-02
9.336154162883758545e-02
9.335843473672866821e-02
9.335535764694213867e-02
9.335234016180038452e-02
9.334934502840042114e-02
9.334637969732284546e-02
9.334346652030944824e-02
9.334056079387664795e-02
9.333769977092742920e-02
9.333489090204238892e-02
9.333209693431854248e-02
9.332932531833648682e-02
9.332662075757980347e-02
9.332393109798431396e-02
9.332127869129180908e-02
9.331865608692169189e-02
9.331604838371276855e-02
9.331350028514862061e-02
9.331096708774566650e-02
9.330846369266510010e-02
9.330599755048751831e-02
9.330356121063232422e-02
9.330116212368011475e-02
9.329877793788909912e-02
9.329642355442047119e-02
9.329410642385482788e-02
9.329182654619216919e-02
9.328955411911010742e-02
9.328733384609222412e-02
9.328513592481613159e-02
9.328295290470123291e-02
9.328081458806991577e-02
9.327868372201919556e-02
9.327659755945205688e-02
9.327453374862670898e-02
9.327249228954315186e-02
9.327048063278198242e-02
9.326849877834320068e-02
9.326653927564620972e-02
9.326460212469100952e-02
9.326270222663879395e-02
9.326082468032836914e-02
9.325895458459854126e-02
9.325712174177169800e-02
9.325532615184783936e-02
9.325353801250457764e-02
9.325177967548370361e-02
9.325003623962402344e-02
9.324833005666732788e-02
9.324664622545242310e-02
9.324498474597930908e-02
9.324334561824798584e-02
9.324173629283905029e-02
9.324014186859130859e-02
9.323857724666595459e-02
9.323703497648239136e-02
9.323550015687942505e-02
9.323401749134063721e-02
9.323252737522125244e-02
9.323106706142425537e-02
9.322965145111083984e-02
9.322823584079742432e-02
9.322684258222579956e-02
9.322547912597656250e-02
9.322413057088851929e-02
9.322282671928405762e-02
9.322153031826019287e-02
9.322024881839752197e-02
9.321898967027664185e-02
9.321774542331695557e-02
9.321653842926025391e-02
9.321534633636474609e-02
9.321418404579162598e-02
9.321303665637969971e-02
9.321191161870956421e-02
9.321080148220062256e-02
9.320972859859466553e-02
9.320865571498870850e-02
9.320761263370513916e-02
9.320660680532455444e-02
9.320559352636337280e-02
9.320461004972457886e-02
9.320367872714996338e-02
9.320272505283355713e-02
9.320180863142013550e-02
9.320092201232910156e-02
9.320004284381866455e-02
9.319917857646942139e-02
9.319835901260375977e-02
9.319754689931869507e-02
9.319675713777542114e-02
9.319596737623214722e-02
9.319522231817245483e-02
9.319449961185455322e-02
9.319378435611724854e-02
9.319309145212173462e-02
9.319241344928741455e-02
9.319176524877548218e-02
